141.0535 35.8968
141.3772 35.8424
141.6451 35.7203
141.9041 35.6036
142.0531 35.4047
141.8692 35.2277
141.5902 35.2773
141.3898 35.4536
141.3068 35.227
141.2021 35.0925
140.9682 35.1203
140.8091 35.0228
140.9627 34.8788
141.0907 34.6407
141.3512 34.5256
141.5402 34.3686
141.3341 34.1956
141.0316 34.262
140.7311 34.2269
141.3845 37.8428
141.6387 37.6922
141.965 37.7073
142.2975 37.6739
142.6236 37.6016
142.935 37.5259
143.2266 37.429
143.07 37.222
142.8188 37.0741
142.4979 37.0948
142.1998 37.1931
141.879 37.2772
141.5709 37.3003
141.3703 37.0952
141.3307 36.8344
141.5207 36.662
141.8389 36.6337
142.1445 36.6824
142.4389 36.5986
142.6164 36.3885
142.5553 36.1577
142.4014 35.9463
142.1138 35.9677
141.7944 35.9976
141.5095 36.0729
141.2021 36.1442
142.4578 39.4497
142.7918 39.3746
143.1206 39.3231
143.4544 39.2958
143.7499 39.1906
143.9305 39.0459
143.7846 38.8308
143.4769 38.7826
143.1437 38.7739
142.8212 38.8668
142.4873 38.9349
142.1816 38.8412
142.1816 38.5901
142.5002 38.4993
142.8376 38.4487
143.1703 38.4262
143.5139 38.3978
143.781 38.3063
143.7441 38.0594
143.5675 37.9311
143.2454 37.9713
142.9072 37.9838
142.5735 38.027
142.234 38.0569
141.8957 38.0972
141.5572 38.106
141.7895 40.7881
142.1057 40.9069
142.4314 41.0156
142.7706 41.0762
143.1138 41.0443
143.4481 40.9718
143.7746 40.882
144.0905 40.7805
144.1332 40.5521
143.8887 40.4327
143.543 40.4353
143.2015 40.4515
142.9617 40.5196
142.634 40.5927
142.2844 40.5933
142.2673 40.3295
142.3926 40.1165
142.6222 40.1088
142.9695 40.0904
143.321 40.0743
143.6572 40.0863
143.9547 40.026
143.9259 39.7718
143.7154 39.6388
143.3749 39.6976
143.0384 39.7245
142.6903 39.7445
142.3408 39.7385
145.6544 41.884
145.5291 41.6637
145.2483 41.5301
144.905 41.521
144.6716 41.6541
144.6955 41.9072
144.3445 41.9792
144.1779 41.7475
144.0879 41.4961
143.8006 41.3742
143.453 41.3643
143.1264 41.4351
142.8177 41.5607
142.4787 41.6095
142.2193 41.4248
142.0271 41.1989
141.8762 40.954
146.1747 41.6653
145.6053 41.3717
145.3929 40.8999
144.9381 40.536
144.8089 40.0319
144.7191 39.5172
144.5915 39.0072
144.4536 38.499
144.3357 37.9879
144.1757 37.4862
143.9557 37.012
143.6059 36.5748
143.2823 36.1262
142.9688 35.6745
142.6799 35.2114
142.5208 34.7118
142.2389 34.2604
